0.000000000000000000e+00
4.439105231874655158e-04
1.451427625559976731e-01
8.009190087481712905e-02
3.589371864613248864e-01
1.684003916294613684e-02
2.512642493502915131e-01
1.685595390503884933e-02
4.804492378679654579e-06
1.208480189493427111e-04
1.213865942320492036e-05
5.268663890079073551e-05
1.173628500336678629e-04
3.077345958700245242e-05
1.736388811196530634e-05
1.000182071596267028e-05
1.522336828326500532e-05
3.520275790785961073e-06
1.094138114647489662e-05
5.258047492551276363e-05
3.340617541461874865e-05
1.850531898146515981e-05
9.612054875554996048e-06
3.291174957676565487e-06
6.114812310901403594e-05
2.307798915675538822e-05
5.852711567229738058e-05
6.415536150077710571e-05
4.326638920736571324e-05
4.914987054979441520e-05
2.837264740683052794e-06
3.366184019827140510e-05
4.349251539075857056e-05
2.251867328606670039e-05
6.641791115712954814e-05
6.706593617456826376e-06
4.468288532651682637e-05
1.879230502654752704e-05
8.632726198219229183e-07
2.537882766134852809e-05
3.974091443098717131e-05
2.222210993872824469e-05
1.516286243607326630e-04
1.893404857156803496e-04
1.261949068722938652e-05
8.202381919634487610e-04
1.156323785630653748e-03
3.542917221916166027e-03
2.807565816051571625e-04
9.657724975711635745e-04
7.077172897318507756e-04
4.788580507561865818e-05
0.000000000000000000e+00
4.582262437472107292e-02
1.567947394867329029e-03
2.519080163337000106e-03
4.598279370252710690e-03
2.171329273044598704e-03
2.707566195016102018e-02
2.220377580867692428e-03
7.489643151484812796e-04
4.167582195197879098e-04
6.021969338212512964e-03
5.322499047111611771e-04
1.973488845045934508e-05
1.806072655649172524e-04
2.139113958793685988e-04
9.897642063700795459e-05
6.289776745775872875e-03
3.215828078718339141e-03
5.340901628676438494e-03
1.356101040428596330e-06
1.977891128376379080e-05
1.190821639140665742e-04
3.812386345595158928e-05
4.504467483211228580e-04
2.009297152409223429e-03
2.036163210873411303e-03
9.761915960761234157e-04
3.443134499249479469e-04
6.342954992205084193e-03
1.641067902223581205e-05
