0.033
0.946
0.035
0.077
0.65
0.077
0.281
0.054
0.019
1
0.125
0.013
0.077
0.205
0.128
0.077
0.219
0.129
0.381
0.25
0.154
0.077
0.023
0.125
0.077
0.01
0.077
0.023
0.391
0.897
0.238
0.375
0.35
0.077
1
0.042
0.955
0.857
0.633
0.077
1
0.036
0.023
0.561
0.206
0.216
0.088
0.077
0.128
0.083
0.177
0.179
0.182
0.037
0.088
0.114
0.2
0.125
0.013
0.077
0.125
0.348
0.077
0.021
0.147
0.077
0.261
0.029
0.671
0.026
0.02
0.25
0.2
0.323
0.179
1
0.013
0.2
0.6
0.077
0.054
0.295
0.01
0.07
0.65
0.412
0.035
0.013
0.696
0.255
0.105
0.348
0.941
0.048
0.373
0.154
0.077
0.25
0.077
0.145
0.077
0.286
0.4
0.013
0.1
0.157
0.211
0.359
0.014
0.392
0.719
0.077
0.067
0.077
0.083
0.039
0.048
1
0.042
0.103
0.273
0.25
0.471
0.077
0.067
0.027
0.765
0.167
0.067
0.204
0.077
0.125
0.385
0.077
0.065
0.018
0.026
0.143
0.353
0.234
0.333
0.167
0.086
0.179
0.011
0.636
0.184
0.451
0.143
0.13
0.077
0.027
0.471
0.123
0.061
0.078
0.02
0.077
0.118
0.053
0.176
0.294
0.923
0.039
0.023
0.083
0.088
0.089
0.077
0.023
0.1
0.077
0.229
0.375
0.29
0.036
0.324
0.294
0.373
0.383
0.023
0.077
0.065
0.023
0.7
0.036
0.306
0.125
0.333
0.235
0.696
0.021
0.07
0.028
0.25
1
0.87
0.411
0.361
0.588
0.451
0.067
0.042
0.667
0.323
0.205
0.077
0.45
0.077
0.032
0.179
0.026
0.25
0.077
0.067
0.077
0.702
0.077
0.294
0.438
0.632
0.857
0.967
0.048
0.196
0.45
0.023
0.036
0.85
1
0.091
0.023
0.049
0.412
0.341
0.188
0.077
0.077
0.154
0.129
0.417
0.051
0.077
0.217
0.019
0.011
0.125
0.083
0.371
0.048
0.9
0.412
0.261
0.154
0.143
0.125
0.039
0.943
0.348
0.02
0.588
0.532
1
0.059
1
0.333
0.023
0.154
0.176
0.035
0.077
0.041
0.02
0.833
0.351
0.55
0.067
0.125
0.333
0.056
0.01
0.048
0.043
0.308
0.255
0.205
0.433
0.028
0.077
0.179
0.267
0.067
0.143
0.077
0.083
0.088
0.136
0.048
0.344
0.231
0.041
0.8
0.036
0.122
0.077
0.333
0.018
0.077
0.361
0.467
0.077
0.154
0.451
0.077
0.2
0.857
0.041
0.381
0.333
0.304
0.235
0.143
0.129
0.306
0.149
0.095
0.077
0.318
0.125
0.468
0.37
0.048
0.1
0.103
0.233
0.194
0.907
0.588
0.01
0.294
0.457
0.077
0.294
0.511
0.048
0.181
0.086
0.021
0.294
0.439
0.077
0.6
0.077
0.2
0.077
0.173
0.314
0.659
0.383
0.261
0.949
0.171
0.25
0.077
0.097
0.95
0.977
0.065
0.027
0.077
0.035
0.081
0.667
0.013
0.098
0.137
0.25
1
0.077
0.181
0.071
0.077
0.298
0.206
0.564
0.29
0.357
0.077
0.033
0.01
0.083
0.077
0.032
0.085
0.051
0.467
0.021
0.278
0.065
0.114
0.14
0.021
0.081
0.077
0.373
0.298
0.067
1
0.048
0.042
0.457
0.25
0.191
0.875
0.02
0.077
0.019
0.077
0.419
0.028
0.05
0.02
0.043
0.25
0.75
0.333
0.2
0.067
0.04
0.598
0.059
0.95
0.963
0.305
0.07
0.04
0.231
0.021
0.143
0.026
1
0.804
0.3
0.29
0.333
0.149
0.053
0.161
0.042
0.077
0.255
0.235
0.087
0.118
0.077
0.029
0.348
0.01
0.02
0.013
0.167
0.909
0.579
0.161
0.012
0.457
0.023
0.206
0.231
0.29
0.077
0.038
0.145
0.163
0.167
0.333
0.085
0.077
0.19
0.053
0.375
0.167
0.125
0.077
0.294
0.162
0.579
0.083
0.471
0.837
0.171
0.026
0.02
0.308
0.083
0.035
0.161
0.216
0.031
1
0.097
0.393
0.02
0.048
0.935
0.029
0.029
0.45
0.45
0.241
0.132
0.125
0.167
0.875
0.019
0.02
0.077
0.13
0.125
0.062
0.033
0.235
0.154
1
0.5
0.077
0.564
0.411
0.077
0.014
0.029
0.077
0.537
0.013
0.106
0.2
0.071
0.056
0.25
0.769
0.083
0.95
0.25
0.179
0.077
0.031
0.077
0.235
0.077
0.083
0.817
0.143
0.021
0.071
0.057
0.125
0.191
0.077
0.026
0.353
0.077
1
0.145
0.957
0.75
0.077
0.159
0.109
0.018
0.4
0.431
0.081
0.5
0.468
0.468
0.031
0.2
0.692
0.074
0.204
0.027
0.487
0.231
0.042
0.2
0.029
0.077
0.125
0.429
0.2
0.01
0.048
0.1
0.077
0.02
0.3
0.133
0.067
0.343
0.286
0.75
0.333
0.077
0.167
0.083
0.048
0.077
0.048
0.741
0.083
1
0.231
0.205
0.7
0.023
0.261
0.053
0.523
0.083
0.077
0.137
0.077
0.154
0.087
0.043
0.65
0.098
0.065
0.012
0.018
0.235
0.29
0.018
0.103
0.029
0.333
0.821
0.17
0.029
0.077
0.114
0.177
0.65
0.042
0.095
0.077
0.227
0.294
0.077
0.821
0.125
0.217
0.019
0.943
0.129
0.205
0.083
0.083
0.024
0.048
0.294
0.8
0.411
0.032
0.125
0.876
0.25
1
0.01
0.456
0.033
0.452
0.042
0.125
0.913
0.111
0.077
0.077
0.281
0.457
0.149
0.04
0.462
0.077
0.125
0.013
0.067
1
0.077
0.077
0.315
0.077
0.458
0.25
0.125
0.529
0.093
0.077
0.077
1
0.636
0.077
0.077
0.018
0.949
0.077
0.023
0.083
0.411
0.136
0.077
0.043
0.083
0.02
0.038
0.018
0.077
0.353
0.077
0.077
0.2
0.412
0.125
0.032
0.482
0.091
0.154
0.41
0.929
0.348
0.01
0.2
0.067
0.159
0.286
0.083
0.85
0.2
0.65
0.022
0.125
0.463
0.75
0.077
0.019
0.974
0.41
0.098
0.39
0.235
0.048
0.032
0.179
0.768
0.077
0.25
1
0.383
0.083
0.013
0.294
0.143
0.016
0.702
0.179
0.2
1
0.274
0.095
0.1
1
0.333
0.231
0.226
0.026
0.077
0.053
0.932
0.167
0.118
0.077
1
0.064
0.857
0.435
0.077
0.011
0.077
0.033
0.077
0.077
0.033
0.194
0.256
0.333
0.741
0.077
0.5
0.023
0.5
0.174
0.077
0.032
0.032
0.4
0.471
0.381
0.026
0.087
0.231
0.625
0.179
0.25
0.981
0.067
0.182
0.294
0.324
0.159
0.95
0.027
0.696
0.077
0.392
0.55
0.6
0.018
0.026
0.161
0.2
0.412
0.026
0.029
0.518
0.5
0.077
0.344
0.625
0.25
0.077
0.077
0.184
0.077
0.059
0.75
0.982
0.13
0.077
0.02
0.077
0.083
0.1
0.02
1
0.4
0.019
0.012
1
0.077
0.105
0.125
0.128
0.29
0.25
0.02
0.174
0.392
0.982
0.067
0.077
0.255
0.167
0.967
0.19
0.323
0.077
0.732
0.067
0.5
0.129
0.2
0.026
0.053
0.077
0.295
0.048
0.549
0.35
0.01
0.077
0.25
0.412
0.033
0.065
0.011
0.111
0.147
0.023
0.982
0.077
0.853
0.3
0.027
0.013
0.2
0.019
0.417
0.359
0.059
0.179
0.163
0.235
0.077
0.323
0.059
0.294
0.839
0.176
1
0.235
0.667
0.926
0.231
0.125
0.038
0.684
0.067
0.226
0.72
0.5
0.011
0.295
0.946
0.217
1
0.012
0.106
0.293
0.754
0.039
0.077
0.048
0.125
0.411
0.065
0.083
0.048
0.85
0.409
0.034
0.029
1
0.01
0.255
0.01
0.55
0.444
0.111
0.077
0.128
0.029
0.01
0.205
0.07
0.231
0.294
0.077
0.029
0.042
0.098
0.125
0.083
0.125
0.25
0.333
0.018
0.114
0.2
0.35
0.035
0.5
0.039
1
0.125
0.123
0.571
0.217
0.167
0.429
0.023
0.909
0.361
0.033
0.462
0.333
0.176
0.2
0.077
0.833
0.103
0.125
0.067
0.083
0.174
0.021
0.077
0.205
0.019
0.353
0.077
0.35
0.154
0.486
0.706
0.518
0.107
0.176
0.487
0.036
0.017
0.167
0.205
0.333
0.077
0.01
0.561
0.852
0.018
0.067
0.098
1
0.029
0.077
0.067
0.065
0.043
0.02
0.067
0.065
0.067
0.071
0.306
0.129
1
1
0.234
0.85
0.179
0.067
0.067
0.105
0.077
0.077
0.314
0.083
0.105
0.529
0.943
0.294
0.01
0.205
0.154
0.02
0.58
0.021
0.042
1
0.034
0.077
0.432
0.256
0.013
0.077
0.125
0.023
0.333
0.157
0.018
0.048
0.25
0.45
0.333
0.077
0.206
0.147
0.125
0.824
0.839
0.031
0.206
0.571
0.471
0.114
0.25
0.057
0.048
0.4
0.054
0.231
0.179
1
0.5
0.077
0.375
0.392
0.125
0.3
0.026
0.294
0.067
0.143
0.167
0.897
0.077
0.048
0.217
0.804
1
0.083
0.1
0.02
0.457
0.067
0.083
0.125
0.023
0.333
0.077
0.333
0.048
0.077
0.982
0.077
0.468
0.235
0.01
0.103
0.077
0.615
0.033
0.023
1
0.167
0.077
0.031
0.3
0.146
0.2
0.077
0.048
0.257
0.333
0.457
1
0.2
0.268
0.318
0.4
0.077
1
0.077
0.077
0.167
0.031
0.893
0.304
0.125
0.04
0.013
0.161
0.392
0.451
1
0.021
0.553
0.048
0.077
0.077
0.083
0.018
0.294
0.314
0.982
0.018
0.19
0.25
0.061
0.048
0.714
0.543
0.257
0.089
0.02
0.4
0.045
0.018
0.129
0.286
0.235
0.042
0.067
0.054
0.1
0.017
0.2
0.012
0.064
0.035
0.128
0.051
0.02
0.143
0.511
0.29
0.077
0.083
0.411
0.118
0.333
0.139
0.021
0.561
0.4
0.077
0.821
0.125
0.065
0.053
0.057
0.042
0.039
0.471
0.35
0.027
0.75
0.083
1
0.118
0.077
0.037
0.308
0.649
0.743
0.286
0.431
0.077
1
0.1
0.023
0.077
0.077
0.077
0.018
0.067
0.5
0.196
0.5
0.2
0.043
0.059
0.579
0.05
0.426
0.048
0.348
0.333
0.75
0.194
0.043
0.491
0.4
0.29
0.125
0.125
0.048
0.85
0.964
0.097
0.55
0.222
0.083
0.077
0.538
0.029
0.067
0.018
0.6
0.5
0.659
0.048
0.158
0.412
0.048
0.4
0.04
0.077
0.017
1
0.074
0.048
0.157
0.067
0.048
0.018
0.02
0.048
0.071
0.146
0.067
0.077
0.067
0.029
0.388
0.106
0.206
0.077
0.5
0.02
0.448
0.006
0.2
0.25
0.947
0.118
0.077
0.051
0.01
0.111
0.385
0.083
0.039
0.158
0.01
0.077
1
0.061
0.113
0.259
1
0.304
0.194
0.077
0.294
0.067
0.3
0.056
0.077
0.231
0.348
0.2
0.042
0.071
0.148
0.9
0.035
0.077
0.265
0.083
0.235
0.125
0.013
0.077
0.231
0.4
0.083
0.01
0.412
0.054
0.077
0.125
0.161
0.7
0.077
0.048
0.077
0.553
0.75
0.032
0.054
0.229
0.077
0.077
0.083
0.333
0.018
0.013
0.481
0.235
0.021
0.103
0.154
0.412
0.55
0.167
0.255
0.371
0.85
0.509
0.614
0.5
0.353
0.352
0.294
0.255
0.875
0.409
0.077
0.667
0.2
0.077
0.643
0.023
0.026
0.333
0.156
0.162
0.228
0.2
0.077
0.077
0.077
0.018
0.719
0.72
0.059
0.55
0.01
0.362
0.029
1
0.107
0.216
0.051
0.077
0.25
0.308
0.518
1
0.35
0.074
0.333
0.125
0.232
0.988
0.167
0.222
0.059
0.129
0.028
0.077
0.018
0.294
0.21
0.098
0.147
0.633
0.238
0.125
0.231
0.16
0.095
0.833
0.5
0.333
0.125
0.077
0.304
0.707
0.111
0.718
0.161
0.091
0.769
0.383
0.333
0.255
0.077
0.103
0.037
0.419
0.077
0.077
0.85
0.75
0.085
0.098
0.667
0.385
0.2
0.444
0.125
0.077
0.02
0.077
1
0.255
0.018
0.077
0.512
0.125
0.077
0.234
0.671
0.529
0.333
0.048
0.161
1
0.533
0.471
0.438
1
0.407
0.106
0.45
0.071
0.353
0.632
0.042
0.402
0.222
0.981
0.077
0.02
0.294
1
0.083
0.083
0.077
0.646
0.051
0.614
0.216
0.412
0.75
0.021
0.392
0.2
0.391
0.462
0.554
0.179
0.235
1
0.213
0.026
0.1
0.217
0.077
0.043
0.448
0.077
0.167
0.529
1
0.143
0.362
1
0.012
0.235
0.634
0.077
0.732
0.129
0.193
0.205
0.857
0.265
0.083
0.696
0.013
0.474
0.409
0.257
0.077
0.077
0.125
0.443
0.146
0.588
0.1
0.036
0.359
0.031
0.839
0.167
0.25
0.043
0.083
0.4
0.053
0.067
0.941
0.286
0.281
1
0.054
0.061
0.137
0.194
0.077
0.01
0.083
0.077
0.077
0.412
0.846
0.077
0.067
1
0.067
0.125
0.031
0.013
0.089
0.067
0.9
0.167
0.13
0.71
0.026
0.974
0.016
0.053
0.833
1
0.02
0.078
0.083
0.615
0.411
0.696
0.083
0.583
0.01
0.393
0.226
0.077
0.294
0.167
0.067
1
0.977
0.107
0.026
0.013
0.217
0.04
0.013
0.273
0.2
0.118
0.123
0.667
0.051
0.614
0.235
0.077
0.027
0.039
0.294
0.327
0.952
0.25
0.083
0.2
0.067
0.118
0.29
0.176
0.294
0.167
0.077
0.234
0.019
0.077
0.077
0.2
0.154
0.064
0.043
0.591
0.5
0.157
0.393
0.077
0.01
0.031
0.125
0.75
1
1
0.316
0.294
0.065
0.682
0.205
0.385
0.167
0.538
0.29
0.035
0.258
0.088
0.077
0.857
0.043
0.01
0.125
0.352
0.353
0.016
1
0.6
0.125
0.059
0.25
0.167
0.19
1
0.457
0.026
0.067
0.036
0.769
0.054
0.042
0.839
0.167
0.027
0.13
0.768
1
0.064
0.098
0.623
0.077
0.457
0.133
0.021
0.65
0.077
0.077
0.235
0.077
0.719
0.154
0.292
0.029
0.077
0.032
0.174
0.085
0.081
0.353
0.077
0.179
0.077
0.588
0.077
0.067
0.095
0.194
0.036
0.023
0.235
0.355
0.077
0.04
0.393
0.077
0.077
0.083
0.75
0.161
0.077
0.893
0.01
0.273
0.7
0.323
0.191
0.5
0.174
1
0.077
0.235
0.07
0.011
1
0.5
0.306
1
1
0.02
0.05
0.077
0.067
0.032
0.25
0.083
0.043
0.286
0.078
0.412
0.238
0.518
0.01
0.553
0.071
0.154
0.333
0.036
0.463
0.019
0.111
0.821
0.067
0.083
0.294
0.129
0.111
0.257
0.19
0.077
0.02
0.231
0.294
0.353
0.383
0.077
0.238
0.917
0.596
0.125
0.19
0.077
0.75
0.579
0.006
0.067
0.444
0.179
0.083
0.256
0.412
0.019
0.893
0.067
0.429
0.2
1
0.078
0.077
0.95
0.032
0.077
0.065
0.161
0.077
0.102
0.75
0.077
0.077
0.294
0.13
0.696
0.077
0.95
0.01
0.048
0.231
0.234
0.371
0.13
0.077
0.042
0.471
0.083
0.125
0.048
0.167
0.161
0.6
0.294
0.031
0.167
0.25
0.143
0.057
0.031
0.05
0.429
0.625
0.146
0.077
0.077
0.176
0.038
0.031
0.833
0.977
0.167
0.068
0.029
0.1
0.304
0.137
0.016
0.018
0.2
0.01
0.154
0.048
0.375
0.083
0.436
0.083
0.061
1
0.027
0.143
0.179
0.077
0.056
1
0.702
0.463
0.181
0.219
0.077
0.077
0.886
0.077
0.04
0.065
0.34
0.077
0.077
0.02
0.375
0.796
0.067
0.02
0.125
0.125
0.2
0.982
1
0.231
0.13
0.179
0.714
0.077
0.088
0.033
0.048
1
0.029
0.457
0.077
0.078
0.067
0.048
0.2
0.064
0.048
0.463
0.536
0.581
0.392
1
0.5
0.412
0.067
0.077
0.086
0.214
0.167
0.067
0.077
0.077
0.067
0.02
0.25
0.29
0.194
0.579
0.39
0.333
0.159
0.023
0.118
0.719
0.4
0.077
0.077
0.25
0.05
0.232
0.554
0.385
0.327
0.652
0.511
0.048
0.077
0.875
0.294
0.111
0.181
0.065
0.097
0.125
0.2
0.077
0.021
0.042
0.35
0.125
0.083
0.065
0.095
0.441
0.077
0.2
0.018
0.048
0.705
0.696
0.105
0.077
0.381
0.077
0.6
0.067
0.114
0.01
0.982
0.01
0.013
0.411
0.25
0.13
0.392
0.298
0.333
0.013
0.053
0.038
0.963
0.471
0.018
0.013
0.35
0.35
0.8
0.088
0.018
0.457
0.143
0.28
0.083
0.114
0.013
0.083
0.105
0.077
0.077
0.077
0.077
0.189
0.077
0.077
0.589
0.208
0.057
0.529
0.053
0.55
0.059
0.429
0.286
0.087
0.077
0.154
0.021
0.077
0.128
0.048
0.077
0.147
0.042
0.077
0.033
0.754
0.02
0.012
0.054
0.077
0.125
0.128
0.607
0.333
0.077
0.565
0.077
0.128
0.016
0.083
0.196
0.05
0.679
0.333
0.077
0.789
0.882
0.2
0.029
1
0.154
0.353
1
0.268
1
0.216
0.949
0.019
0.35
0.018
0.333
0.065
0.353
0.154
0.143
0.032
0.02
1
0.018
0.026
0.1
0.3
0.375
0.067
1
0.471
0.353
0.446
0.161
0.294
0.175
0.205
0.053
0.125
0.042
0.031
0.01
0.194
0.08
0.304
0.019
0.077
0.941
0.294
0.077
0.833
0.294
0.077
0.077
0.028
0.182
0.468
0.077
0.077
0.048
0.077
0.436
0.2
0.042
0.2
0.032
0.125
0.292
0.027
0.25
0.15
0.077
1
0.04
0.077
0.2
0.021
0.4
0.088
0.35
0.07
1
0.032
0.85
0.125
0.128
0.077
0.026
0.077
0.067
0.233
0.4
0.043
0.114
0.033
0.929
0.333
0.077
0.571
0.143
0.179
0.078
0.176
0.125
0.019
0.032
0.375
0.909
0.412
1
0.038
0.01
0.129
0.187
0.036
0.02
0.72
0.077
0.026
0.125
0.581
1
0.105
0.235
0.958
0.974
0.029
0.15
0.3
0.077
0.267
0.917
0.077
0.1
0.294
0.118
0.125
0.114
0.057
0.077
0.71
0.013
0.231
0.462
0.077
0.118
0.261
0.538
1
0.268
0.045
0.077
1
0.097
0.353
0.333
0.039
0.257
0.077
0.077
0.373
0.411
0.359
0.615
0.2
0.077
0.85
0.421
0.431
0.273
0.17
0.016
1
0.077
0.167
0.01
0.333
0.083
0.161
0.167
0.949
0.026
0.294
0.077
0.147
0.333
0.167
0.671
0.333
0.353
0.065
0.067
0.561
0.077
0.065
0.579
0.041
0.129
1
0.708
0.018
0.059
0.118
0.048
0.294
0.826
0.29
0.053
0.767
0.333
0.128
0.095
0.95
0.457
0.457
0.146
0.294
0.5
0.4
0.231
0.087
0.01
0.235
0.023
0.1
0.4
0.083
0.176
0.176
0.077
0.588
0.167
0.128
0.035
0.077
0.294
0.077
0.125
0.143
0.077
0.216
1
0.077
0.1
0.191
0.059
0.2
0.033
0.033
0.25
0.067
0.059
1
0.035
0.062
0.2
0.323
0.571
0.125
0.154
0.077
0.083
1
0.471
0.114
0.7
0.235
0.042
0.077
0.083
0.083
0.076
0.167
0.116
0.032
0.833
0.143
0.083
0.038
0.86
0.032
0.018
0.579
0.077
0.125
0.077
0.077
0.573
0.077
0.85
0.375
0.077
0.348
0.538
0.235
0.018
0.964
0.457
0.385
0.13
0.157
0.756
0.261
0.016
0.939
0.3
0.083
0.722
0.077
0.05
0.02
0.068
0.077
0.021
0.043
0.238
0.054
0.768
0.188
0.233
0.667
0.077
1
0.043
0.029
0.038
0.553
0.179
0.125
0.032
0.043
0.167
0.298
0.2
0.047
0.826
0.333
0.026
0.042
0.026
0.077
0.033
0.352
0.946
0.077
0.019
0.579
0.561
0.067
0.35
0.077
0.077
0.067
0.031
0.268
1
0.024
0.077
0.125
0.077
0.048
0.077
0.974
0.077
0.472
0.065
0.059
0.705
0.641
0.15
0.255
0.25
0.013
0.04
0.385
0.4
0.205
0.059
0.018
0.04
0.217
0.026
0.134
0.085
0.176
0.238
0.118
0.294
0.238
0.039
0.5
0.042
0.129
0.026
0.375
0.45
0.241
0.5
0.037
0.319
0.963
0.026
0.077
0.086
0.065
0.839
0.077
0.02
0.355
0.171
0.082
0.14
0.21
0.206
0.842
0.611
0.7
0.125
0.231
0.067
0.028
0.077
0.02
0.765
0.76
0.167
0.355
1
0.35
0.059
1
0.068
0.85
0.048
0.167
0.029
0.647
0.031
0.02
0.125
0.235
0.078
0.077
0.118
0.085
0.083
0.231
0.935
0.13
0.077
0.824
0.043
1
0.077
0.229
0.373
0.095
0.077
0.154
0.045
0.429
0.29
0.815
0.213
0.261
0.333
0.04
0.471
0.043
0.029
0.427
0.01
0.6
0.352
0.3
0.105
0.471
0.095
0.04
1
0.037
0.02
0.463
0.4
0.222
0.114
0.176
0.062
0.077
1
0.08
0.412
0.111
0.128
0.125
0.011
0.19
0.323
0.282
0.077
0.077
0.031
0.086
0.021
0.233
0.081
0.067
0.294
0.129
0.235
0.19
0.125
0.167
0.013
0.077
0.111
0.083
0.265
0.023
0.154
0.917
0.083
0.02
1
0.048
0.07
0.2
0.917
0.95
0.04
0.2
0.204
0.059
0.457
0.55
0.5
0.038
0.324
1
0.191
0.373
0.275
0.077
0.077
0.083
0.067
0.2
0.077
0.588
0.077
0.737
0.375
0.294
0.067
0.125
0.643
0.167
0.077
0.185
0.257
0.024
0.077
0.031
0.75
0.067
0.043
0.196
0.29
0.2
0.077
0.821
0.129
0.3
0.067
0.55
1
0.143
0.159
0.077
0.053
0.435
0.235
0.129
0.067
0.286
0.083
0.216
0.013
0.167
0.917
0.333
0.45
0.021
0.143
0.077
0.016
0.077
0.136
0.917
0.255
0.2
0.077
0.176
0.939
0.013
0.077
0.083
0.056
0.125
0.125
0.294
0.059
0.018
0.031
0.077
0.917
0.4
0.457
0.1
0.308
0.048
0.387
0.217
0.137
0.038
0.171
0.077
0.167
0.077
0.077
0.118
0.128
0.7
0.543
0.294
0.308
1
1
0.964
0.033
0.147
0.077
0.231
0.957
0.412
0.696
0.174
0.077
0.029
1
0.067
0.1
0.194
0.013
0.21
0.019
0.149
0.3
0.174
0.171
0.053
0.167
0.018
0.149
0.35
0.054
0.018
0.077
0.333
0.032
0.059
0.2
0.825
0.048
0.5
0.667
0.051
0.042
0.032
0.067
0.6
0.4
0.048
0.027
0.026
0.136
0.25
0.013
0.353
0.1
0.412
1
0.018
0.125
0.103
0.067
1
0.167
0.204
0.596
0.018
0.294
0.157
0.021
0.9
0.095
0.103
0.35
0.077
0.188
0.37
0.267
0.129
0.281
0.104
0.457
0.031
0.707
0.091
0.339
0.353
0.083
0.077
0.19
0.4
0.312
0.088
0.048
0.01
0.13
1
0.161
0.412
0.053
0.294
0.462
0.55
0.077
0.432
0.085
0.088
1
0.643
0.013
0.053
0.205
0.048
0.25
0.018
0.077
0.941
0.294
0.4
0.917
0.029
0.281
0.077
0.321
0.796
0.435
0.149
0.2
0.023
0.143
0.217
0.786
0.01
0.65
0.129
0.833
0.077
0.294
0.304
0.176
0.4
0.5
0.089
0.227
0.25
0.339
0.103
0.054
0.5
0.031
0.224
0.077
0.154
0.339
0.457
0.018
0.054
0.412
0.077
0.136
0.375
0.205
0.016
0.353
0.057
0.333
0.08
0.04
0.062
0.268
0.137
0.211
0.086
0.04
0.048
0.048
0.097
0.076
0.089
0.111
0.077
0.75
0.032
0.077
0.255
0.932
0.013
0.821
0.359
0.027
0.294
0.174
0.143
0.118
0.256
0.053
0.375
0.235
0.125
0.468
0.395
0.524
0.032
0.087
0.133
1
1
0.077
0.067
0.25
0.016
0.429
0.077
0.671
0.077
0.35
0.1
0.45
0.4
0.149
0.1
0.029
0.047
0.417
0.174
0.821
0.159
0.294
0.03
0.103
0.275
0.027
0.549
0.143
0.157
0.625
0.4
0.077
0.077
0.196
0.3
0.318
0.682
0.2
0.1
0.9
0.035
1
0.154
0.143
0.067
0.4
0.125
0.235
0.071
0.371
0.256
0.113
0.043
0.065
0.547
0.167
0.4
0.095
0.048
0.205
0.357
0.216
0.077
0.027
0.226
0.2
0.088
1
0.609
0.25
0.206
0.157
0.25
0.021
0.167
1
0.095
0.077
0.059
0.048
0.077
0.5
0.029
0.01
0.8
0.018
1
0.417
0.468
0.125
0.238
0.083
0.194
0.077
0.018
0.19
0.917
0.1
1
0.097
1
0.19
0.077
0.523
0.294
0.018
0.077
0.324
1
0.306
0.257
0.913
0.029
0.077
0.182
0.3
1
0.167
0.205
0.692
0.042
0.9
0.087
0.25
0.077
0.094
0.391
0.077
0.024
0.35
0.2
0.077
0.471
0.125
0.417
0.129
0.077
0.5
0.051
0.532
0.013
0.067
0.875
0.333
0.261
0.023
0.528
0.129
0.176
0.077
0.139
0.412
0.162
0.9
0.247
0.419
0.306
0.875
0.565
0.85
0.077
0.2
0.607
0.833
0.205
0.176
0.021
0.053
0.361
0.864
0.031
0.821
0.235
0.55
0.9
0.974
0.023
0.113
0.5
0.147
0.167
0.17
0.923
0.348
0.023
0.095
0.25
0.412
0.333
0.306
0.098
0.125
0.077
0.074
0.026
0.077
0.25
0.029
0.967
0.235
0.035
0.077
0.383
0.114
0.261
0.231
0.516
0.545
0.5
0.286
0.1
0.2
0.083
0.105
0.268
0.039
1
0.053
0.077
0.077
0.235
0.018
0.235
0.023
0.981
0.077
0.512
0.4
0.067
0.981
0.532
0.077
0.032
0.021
0.222
0.125
0.146
0.021
0.7
0.65
0.233
0.205
0.077
0.5
0.018
0.641
0.544
0.05
0.161
0.089
0.048
0.536
0.04
0.877
0.01
0.583
0.083
0.318
0.235
0.471
0.083
0.17
0.333
0.561
0.176
0.078
0.02
0.077
0.196
0.25
0.077
0.026
0.026
0.083
0.219
0.333
0.42
0.5
0.89
0.5
0.234
0.1
0.6
0.661
0.077
0.154
0.056
0.5
0.077
0.077
0.412
0.1
0.412
0.383
0.022
0.3
0.75
0.013
0.077
0.067
0.174
0.01
0.967
0.077
0.01
0.042
0.035
0.2
0.35
0.352
0.033
0.982
0.227
0.412
0.227
0.065
0.412
0.01
0.45
0.235
0.149
0.032
0.783
0.217
0.048
0.256
0.25
0.957
0.077
0.067
0.077
0.15
0.077
0.393
0.4
0.235
0.125
0.083
0.179
0.128
0.829
0.412
0.038
0.026
0.4
0.413
0.154
0.549
0.077
0.846
0.529
0.65
0.333
0.077
0.157
0.929
0.077
0.078
0.333
0.086
0.077
0.95
0.014
0.029
0.2
0.125
0.911
0.6
0.107
0.067
0.55
0.103
0.107
0.024
1
0.051
0.216
0.708
0.4
0.077
0.077
0.988
0.5
0.077
0.478
0.077
0.067
0.229
0.137
0.137
0.039
0.039
0.608
0.1
0.125
0.45
0.352
0.051
0.029
0.375
0.077
0.304
0.053
0.893
0.083
0.176
0.077
0.067
0.077
0.021
0.179
0.042
0.353
1
0.194
0.2
0.231
0.317
0.217
0.179
0.286
0.2
0.95
0.054
0.083
0.235
0.077
0.083
0.333
0.955
0.077
0.229
0.026
0.051
0.067
1
0.217
0.01
0.125
0.702
0.01
0.067
0.217
0.25
0.308
0.167
0.231
0.25
0.176
0.392
0.088
0.042
0.402
0.174
0.351
0.021
0.032
0.033
0.222
0.171
0.2
0.2
0.147
0.013
0.1
0.932
0.018
0.486
0.032
0.912
0.235
0.023
0.083
0.375
0.205
0.05
0.158
0.077
0.053
0.205
1
0.462
0.133
0.077
0.019
0.143
0.333
0.067
0.579
0.205
0.067
0.077
0.318
0.9
0.021
0.2
0.2
0.077
0.083
0.129
1
0.029
0.133
0.9
0.083
0.052
0.048
0.161
0.579
0.633
0.93
0.167
0.4
0.029
0.446
0.179
0.179
0.176
0.304
0.6
0.471
0.925
0.033
0.033
0.032
0.018
0.5
1
0.1
0.018
0.819
0.085
0.241
0.161
0.125
0.021
0.077
0.457
0.19
0.077
0.216
0.196
0.118
0.089
1
0.238
0.333
0.171
0.042
0.043
1
0.039
0.234
0.167
0.029
0.043
0.04
0.026
0.029
0.04
0.579
0.077
0.235
0.098
0.051
0.016
0.154
0.205
0.3
0.467
0.184
0.739
0.077
0.077
0.2
0.235
0.095
0.057
0.4
0.077
0.13
0.167
0.053
0.265
1
0.129
0.077
0.85
0.082
1
0.205
0.16
0.95
0.083
0.982
0.5
0.9
0.098
0.125
0.077
0.147
0.417
0.411
0.194
0.571
0.04
0.255
0.137
0.696
0.105
0.019
0.294
0.19
0.967
0.059
0.385
0.018
0.13
0.167
0.098
0.375
0.01
0.8
0.1
0.157
0.161
0.083
0.5
0.124
0.235
0.067
0.179
0.077
0.167
0.077
0.929
0.619
0.957
0.982
0.143
0.043
0.077
0.023
1
0.977
0.7
1
0.038
0.2
0.235
0.561
0.154
0.256
0.909
0.129
0.01
0.102
0.593
0.373
0.077
0.2
0.387
0.25
0.048
0.37
0.893
0.168
0.011
0.077
0.037
0.105
0.481
0.097
0.149
1
0.817
0.128
0.167
0.375
0.018
0.333
0.353
0.098
0.457
0.106
0.795
0.333
0.85
0.281
0.2
0.04
0.056
0.01
0.048
0.125
0.067
0.077
0.083
0.083
0.167
0.167
0.2
0.038
0.333
0.667
0.077
0.333
0.959
0.077
0.333
0.589
0.059
0.021
0.067
0.75
0.19
0.085
0.077
0.432
0.167
0.023
0.207
0.439
0.2
0.157
0.02
0.171
0.059
0.125
1
0.077
0.25
0.021
0.58
0.065
0.769
0.277
0.292
0.02
0.25
0.054
0.059
0.011
0.018
0.404
0.294
0.032
1
1
0.013
0.067
0.077
0.9
0.316
0.877
0.51
0.041
0.231
0.077
0.039
0.013
0.061
1
1
0.241
0.114
0.118
0.744
0.143
0.4
0.217
0.258
0.333
0.585
1
0.077
0.067
0.13
0.067
0.2
0.229
0.083
0.083
0.031
0.05
0.976
0.19
0.294
0.538
0.85
0.255
0.067
0.579
0.021
0.532
0.2
0.25
0.021
0.2
0.013
0.391
0.524
0.179
0.161
0.314
0.037
0.013
0.077
0.077
1
0.077
0.031
0.083
0.4
0.176
0.4
0.95
0.1
0.333
0.067
0.043
0.077
0.065
0.477
0.583
1
0.458
1
0.444
0.277
0.067
0.064
0.077
0.833
0.468
0.561
0.792
1
0.067
0.128
0.129
0.077
0.4
0.095
0.107
0.825
0.383
0.2
0.304
0.182
0.01
0.754
0.211
0.78
0.4
0.048
0.174
0.077
0.143
0.432
0.038
0.1
0.154
0.854
0.161
0.5
0.114
0.732
0.511
0.098
0.107
0.077
0.039
0.409
0.077
0.077
0.077
0.294
0.176
0.118
0.256
0.179
0.796
0.191
0.146
0.609
0.054
0.914
0.077
0.511
0.333
0.35
0.277
0.1
0.167
0.2
0.613
0.143
0.143
0.2
0.083
0.292
0.235
1
0.4
0.579
0.7
0.2
0.1
0.439
0.083
0.375
0.021
0.276
0.083
0.323
0.294
1
0.588
1
0.128
0.333
0.682
0.232
0.353
0.429
0.412
0.094
0.316
0.529
0.63
0.45
0.013
0.05
0.037
0.024
0.167
0.118
0.077
0.114
0.5
0.314
0.196
0.018
0.067
0.167
0.077
0.031
0.05
0.048
0.439
0.077
0.026
0.19
0.667
0.232
0.059
0.417
0.013
0.482
0.29
0.137
0.174
0.118
0.25
0.872
0.097
0.059
0.268
0.195
0.519
1
0.294
0.426
0.032
0.333
0.05
0.078
0.083
0.01
0.348
0.412
0.077
0.01
0.19
0.111
0.2
0.023
0.316
0.059
0.333
0.435
0.036
0.308
0.261
0.532
0.329
0.194
0.027
0.031
0.039
0.083
0.077
0.387
0.19
0.571
0.077
0.333
0.2
0.077
0.29
0.579
0.125
0.026
0.018
0.095
0.452
0.2
0.077
0.067
0.032
0.077
0.048
0.95
0.054
0.021
0.489
0.021
0.077
0.053
1
0.25
0.018
0.143
0.011
0.167
0.553
0.347
0.625
0.146
0.026
0.786
0.018
0.027
0.9
0.065
0.091
0.29
0.154
0.4
0.077
0.077
0.125
0.574
0.962
0.035
0.277
0.235
0.039
0.077
0.205
0.077
0.02
0.261
0.07
0.392
0.077
0.097
0.067
0.077
0.2
0.143
0.077
0.133
0.103
1
0.01
0.021
0.25
0.75
0.026
0.29
0.077
0.529
0.219
0.622
0.167
0.235
0.294
0.048
0.256
0.682
0.027
0.077
0.222
0.098
0.039
0.245
0.042
0.235
0.9
0.2
0.089
0.077
0.145
0.042
0.154
0.457
0.125
0.304
1
0.029
0.043
0.077
0.054
0.375
1
0.941
1
0.239
0.537
0.077
0.9
1
0.048
0.129
0.529
0.319
0.125
0.353
0.01
0.053
0.042
0.205
0.652
0.333
0.771
0.077
0.786
0.647
0.018
1
0.018
0.077
0.067
0.1
0.45
0.392
0.182
0.154
0.833
0.632
0.4
0.076
0.206
0.077
0.294
0.077
0.9
0.077
0.125
0.027
1
0.026
0.026
0.235
0.018
0.45
0.077
0.433
0.167
1
0.059
0.032
0.168
0.294
0.089
0.125
0.294
0.009
0.118
1
0.057
1
0.018
0.077
0.077
0.411
0.077
0.41
0.018
0.067
0.85
0.194
0.042
0.033
0.04
0.105
0.308
0.168
0.6
0.011
0.4
0.035
0.15
1
0.077
0.077
0.314
0.059
0.643
0.077
0.037
0.02
0.206
0.083
0.038
0.042
0.385
0.231
0.07
0.875
0.333
0.077
0.3
0.035
0.04
0.039
0.013
0.125
0.029
0.018
0.5
0.043
0.205
0.098
0.2
0.45
0.176
0.125
0.4
0.077
0.059
0.341
0.7
0.411
0.148
0.105
0.128
0.235
0.385
1
0.029
0.095
0.077
0.077
0.118
0.754
0.105
1
0.031
0.408
0.835
0.026
1
1
0.267
0.048
0.077
0.048
0.019
0.213
0.176
0.02
0.222
0.103
0.023
0.294
0.129
0.13
0.294
0.8
0.067
0.077
0.387
0.077
0.106
0.353
0.077
0.242
0.161
0.196
0.077
0.282
0.118
0.417
0.083
0.025
0.05
0.159
0.137
0.048
0.077
0.077
0.161
0.412
0.353
0.039
0.258
0.258
0.588
0.409
0.018
0.593
0.067
0.265
0.375
0.033
0.267
0.1
0.013
0.448
0.077
0.963
0.077
0.077
0.206
0.324
0.154
0.067
0.8
0.35
0.381
0.19
0.353
0.147
0.532
0.036
0.102
0.077
0.2
0.077
0.05
0.133
0.038
0.296
0.077
0.2
0.077
0.176
0.375
0.9
0.114
0.2
0.261
0.083
0.382
0.154
0.125
0.077
0.125
0.294
0.463
0.054
0.125
0.077
0.75
0.077
0.077
0.077
0.312
0.448
0.021
0.077
0.2
0.415
0.25
0.353
0.021
0.167
0.9
0.353
0.268
0.043
0.077
0.375
0.042
0.029
0.5
0.29
0.75
0.912
0.048
0.143
0.25
0.344
0.167
0.077
0.605
0.468
0.035
0.071
0.083
0.048
0.077
0.821
0.065
0.125
0.387
0.435
0.167
0.671
0.026
0.013
0.103
0.93
0.054
0.01
0.049
0.037
0.077
0.179
0.083
0.048
0.1
0.167
0.048
0.333
0.744
0.023
0.07
0.4
0.043
0.077
0.35
0.056
0.1
0.125
0.3
0.077
0.804
0.25
0.411
0.027
0.026
0.083
0.65
0.053
0.019
0.125
0.032
0.647
0.161
0.2
0.95
1
0.107
0.097
0.667
0.659
0.01
0.018
0.143
0.033
0.375
0.033
0.077
1
0.125
0.023
0.383
0.035
0.077
0.265
0.263
0.229
0.9
0.043
0.912
0.083
0.55
0.088
0.048
0.532
0.067
0.196
0.245
0.016
0.086
0.802
0.062
0.429
0.235
0.625
0.157
0.088
0.011
0.353
0.793
0.308
0.429
0.95
1
0.067
0.13
0.348
0.923
0.35
0.25
0.123
0.833
0.021
0.067
0.035
0.033
0.5
0.167
0.19
0.047
0.029
0.375
0.446
1
0.375
0.226
0.268
0.085
0.077
0.123
0.446
0.194
0.097
0.167
0.02
0.077
0.125
0.235
1
0.25
0.053
0.447
0.839
1
0.077
0.29
0.031
0.161
1
0.026
0.536
0.111
0.679
0.125
0.018
0.067
0.125
0.412
0.357
0.122
0.219
0.077
0.893
0.019
0.196
0.094
0.235
0.206
0.048
0.579
0.114
0.095
0.078
0.176
0.054
0.033
0.018
0.067
0.097
0.6
0.842
0.65
0.907
0.077
0.179
0.065
0.471
0.042
0.077
0.062
0.224
0.194
0.323
0.2
0.146
0.111
0.196
0.042
0.077
1
0.8
0.732
0.2
0.167
0.941
0.077
0.086
0.035
0.579
0.018
0.154
0.077
0.895
0.077
0.083
0.216
0.194
0.067
0.154
0.053
0.077
0.129
0.359
0.179
0.3
0.019
0.373
0.059
0.048
0.3
0.246
0.294
0.059
0.125
0.018
0.083
0.032
0.294
0.45
0.114
0.01
0.01
0.5
0.083
0.029
0.043
0.064
0.205
0.077
0.04
0.067
0.333
0.265
0.035
0.02
0.077
0.294
0.04
0.021
0.275
0.152
0.077
0.013
0.2
0.516
0.255
0.01
1
0.159
0.077
0.022
0.083
0.083
0.333
0.25
0.077
0.633
0.213
0.067
0.125
0.411
0.036
0.232
0.261
0.067
0.093
0.353
0.25
0.2
0.02
0.077
0.205
0.023
0.052
0.01
0.692
0.25
0.357
0.1
0.235
0.85
0.2
0.067
0.038
0.077
0.5
0.035
0.235
0.111
0.125
0.077
0.029
0.457
0.19
0.2
0.353
1
0.333
0.222
0.324
0.375
0.446
0.154
0.067
0.077
0.02
0.114
0.385
0.25
0.333
0.077
0.263
0.314
0.412
0.2
0.371
0.067
0.982
0.032
0.848
0.267
0.13
0.45
0.011
0.038
1
0.078
0.45
0.029
0.009
0.154
0.19
0.125
0.11
0.29
0.646
0.125
0.905
1
1
0.167
0.067
0.484
0.077
0.927
0.95
0.196
0.13
0.077
0.029
0.353
0.125
0.161
0.157
0.019
0.235
1
0.429
0.02
1
0.19
0.161
0.021
0.125
0.359
0.077
0.122
0.692
0.161
0.077
0.537
0.235
1
0.258
1
0.255
0.275
0.077
1
0.375
1
0.018
0.025
0.077
0.561
0.152
0.162
0.02
0.327
0.294
0.96
0.348
0.057
0.193
0.035
0.098
0.5
0.01
1
0.125
0.067
0.077
0.217
0.107
0.234
0.077
0.032
0.02
0.154
0.314
0.013
0.077
0.2
0.174
0.026
0.077
0.411
0.2
0.864
0.043
0.294
0.457
0.4
1
0.615
0.238
0.513
0.07
0.205
0.083
0.571
0.333
0.118
0.067
0.304
0.077
0.679
0.529
0.033
0.9
0.163
0.867
0.882
0.067
0.457
0.177
0.771
1
0.133
0.25
0.036
0.077
1
0.043
0.029
0.083
0.974
0.11
0.05
0.837
0.457
0.067
0.564
0.154
0.077
0.012
0.481
0.286
0.077
0.275
0.667
0.429
0.817
0.083
0.85
0.077
0.6
0.833
0.146
0.333
0.448
0.05
0.4
0.116
0.048
0.294
0.911
0.638
1
0.039
0.077
0.192
0.333
0.55
0.231
0.083
0.5
0.176
0.026
1
0.2
0.333
0.077
0.01
0.031
0.013
0.095
0.019
0.077
0.333
0.032
0.125
0.739
0.021
0.026
0.057
0.217
0.167
0.026
1
0.7
0.393
0.077
0.077
0.026
1
0.72
0.01
0.106
0.038
0.077
0.01
1
0.103
0.327
0.227
0.294
0.013
0.179
0.077
0.4
0.083
0.137
0.235
0.077
0.85
0.083
0.293
0.3
0.07
0.165
0.154
0.019
0.176
0.234
0.417
0.417
0.077
0.077
0.098
0.174
0.053
0.974
0.043
0.077
0.091
0.021
0.067
0.074
0.268
0.641
0.118
0.217
0.077
0.077
0.067
0.013
0.018
0.018
0.25
0.174
0.964
0.411
0.286
0.333
0.048
0.319
0.179
0.01
0.028
0.181
0.014
0.027
0.08
0.333
0.2
0.023
0.08
0.667
0.129
0.104
0.077
0.95
0.04
0.02
0.018
0.333
0.353
0.583
0.027
0.02
1
0.111
0.392
0.048
0.051
0.029
0.238
0.476
0.333
0.029
0.077
0.611
0.053
0.231
0.083
0.429
0.077
0.333
0.19
0.125
0.125
0.333
0.143
0.224
0.019
0.75
0.415
0.048
0.298
0.113
0.769
0.089
1
0.043
0.4
0.196
1
0.125
0.013
0.438
0.939
0.01
0.027
0.554
0.065
0.048
0.048
0.016
0.333
0.042
0.083
0.964
0.026
0.436
0.333
0.235
0.235
0.1
0.083
0.018
0.026
0.833
0.077
0.15
0.324
0.077
0.023
0.089
0.156
0.25
0.083
0.077
0.355
0.946
0.4
0.065
0.059
0.032
0.013
0.9
0.128
0.625
0.258
0.194
0.294
0.029
0.162
0.333
0.702
0.419
0.077
0.375
0.077
0.105
0.2
0.083
0.056
0.077
0.077
0.257
0.031
0.077
0.077
0.206
0.179
0.147
0.077
0.016
0.55
0.077
0.231
0.018
1
0.031
0.702
0.125
0.308
0.213
0.857
0.255
0.083
0.462
0.013
0.182
0.067
0.196
0.125
0.667
0.097
0.077
0.038
0.077
0.391
1
0.077
0.083
0.026
0.275
0.8
0.1
0.077
1
0.029
0.529
0.255
0.362
0.29
0.012
0.064
0.051
0.111
0.077
0.021
0.765
0.077
0.077
0.02
0.136
0.25
0.077
0.368
1
0.941
0.705
1
0.235
0.45
0.125
0.609
0.125
0.3
0.25
0.083
1
0.154
1
1
0.457
0.013
0.077
0.187
0.05
0.765
0.136
0.048
1
0.214
0.625
0.435
0.077
0.067
0.077
0.161
0.2
0.196
0.3
0.023
0.019
0.077
0.065
0.039
0.2
1
0.035
0.333
0.872
0.452
0.129
1
0.067
0.012
0.451
0.5
0.232
0.037
0.205
0.8
0.444
0.031
0.077
0.071
0.5
0.088
0.982
0.3
0.039
0.8
0.441
0.255
0.035
1
1
0.114
0.375
0.176
0.294
0.406
0.167
0.018
0.872
0.143
0.5
0.671
0.194
0.207
0.571
0.684
0.25
0.294
0.15
0.182
0.114
0.067
1
0.154
0.65
0.031
1
0.977
0.098
0.067
0.167
0.031
0.128
0.25
0.023
0.083
0.3
0.261
0.29
0.235
0.412
0.433
0.121
0.154
0.157
0.059
0.125
0.308
0.5
0.55
0.5
0.031
0.077
0.217
0.077
0.048
0.077
0.067
0.042
0.659
0.294
0.353
0.6
0.077
0.083
0.371
0.255
0.231
0.067
0.2
1
0.196
0.146
0.42
0.02
0.2
0.026
0.213
0.154
0.2
0.13
0.059
0.6
0.171
0.008
0.333
0.031
0.2
0.01
0.125
0.4
0.048
0.444
0.5
0.035
0.238
0.85
0.077
0.661
0.077
0.077
0.839
0.018
0.935
0.333
0.018
0.391
0.87
0.551
0.061
0.013
0.468
0.235
0.167
0.018
0.135
